Time,SynTime,deltaT,deltaTsyn,deltaTday,semiax,ecce,incl,Omega,omegap,XXX
Time,SynTim,delta,eltaTs,deltaT,semia,ecce,ncl,a   o,p,
79.926,0,2.973,0.2216,172.805,1.5873,0.3826,3.049,358,24.01,21.97
82.899,0.2216,6.574,0.49,382.157,1.5965,0.3833,1.903,36.83,345.9,22.77
89.472,0.7116,3.698,0.2756,214.953,1.5966,0.38325,1.912,36.98,345.8,22.76
93.170,0.9872,2.871,0.214,166.872,1.5972,0.38835,2.239,36.97,19.53,56.5
96.041,1.201,8.131,0.6061,472.684,1.5952,0.3886,1.549,72.26,344.1,56.33
104.172,1.807,2.162,0.1612,125.704,1.5957,0.38874,1.547,72.06,344.2,56.3
106.334,1.968,2.685,0.2001,156.073,1.6007,0.39383,1.046,72.13,18.88,91.01
109.019,2.168,7.806,0.5818,453.768,1.5958,0.39398,0.769,110.8,339.8,90.6
116.825,2.75,2.723,0.203,158.308,1.5962,0.39404,0.7642,110.5,340.1,90.58
119.548,2.953,2.476,0.1845,143.922,1.5772,0.38712,0.3876,289.7,200.6,130.3
122.024,3.138,6.146,0.4581,357.306,1.5993,0.38673,0.3019,333.9,158.3,132.3
128.170,3.596,4.683,0.3491,272.234,1.5935,0.39091,0.2812,333.5,159.2,132.7
132.853,3.945,2.457,0.1831,142.831,1.44,0.32922,2.108,333.7,205.3,179
135.310,4.128,6.172,0.46,358.780,1.6157,0.34048,1.689,39.94,157,196.9
141.482,4.588,5.087,0.3792,295.718,1.5741,0.37094,1.926,39.99,159.5,199.5
146.569,4.967,2.669,0.199,155.178,1.3585,0.28297,2.227,39.98,211.6,251.6
149.238,5.166,6.558,0.4888,381.209,1.6285,0.30667,1.649,129,155,284.1
155.796,5.655,4.94,0.3682,287.165,1.5567,0.35865,1.738,129.2,159.6,288.8
160.736,6.023,2.514,0.1874,146.133,1.5988,0.37637,1.039,308.8,20.87,329.7
163.249,6.211,6.895,0.5139,400.842,1.5965,0.37745,0.8271,347,342.4,329.4
170.145,6.725,3.838,0.2861,223.102,1.5965,0.37742,0.8305,347.1,342.3,329.4
173.983,7.011,2.902,0.2163,168.683,1.5881,0.37872,2.757,347.1,22.18,9.306
176.884,7.227,5.586,0.4164,324.736,1.5956,0.3801,1.847,23.35,346.6,9.928
182.470,7.643,4.712,0.3512,273.918,1.5956,0.37999,1.85,23.38,346.6,9.929
187.182,7.994,2.95,0.2199,171.506,1.5783,0.37886,2.613,23.35,19.87,43.22
190.133,8.214,9.889,0.7371,574.847,1.5916,0.37719,2.037,39.17,5.317,44.49
